534 720 23 2 1
474 324 26 3 1
162 1602 48 5 2
522 648 29 3 1
120 1494 34 3 2
450 684 24 2 1
234 630 101 10 3
456 702 44 4 1
222 432 102 10 3
210 450 91 9 3
180 1476 24 2 2
180 1404 44 4 2
498 360 29 3 1
216 1386 19 2 2
108 360 90 9 3
222 702 103 10 3
162 1584 37 4 2
498 396 31 3 1
126 1404 23 2 2
138 504 104 10 3
120 1494 25 3 2
456 324 25 3 1
486 630 46 5 1
186 576 98 10 3
480 486 32 3 1
534 630 26 3 1
138 576 91 9 3
462 288 46 5 1
102 1422 41 4 2
150 288 90 9 3
96 414 91 9 3
234 576 104 10 3
474 432 43 4 1
222 1458 23 2 2
480 612 41 4 1
108 1530 23 2 2
96 1584 38 4 2
186 486 95 9 3
240 1530 31 3 2
114 468 101 10 3
90 1368 44 4 2
240 684 96 10 3
126 432 103 10 3
204 1494 41 4 2
450 576 47 5 1
