0.5960 0.1580 0.1190 0.0920 0.0350
0.6210 0.0880 0.1440 0.1140 0.0340
0.4780 0.1160 0.2040 0.1640 0.0380
0.1700 0.5540 0.1350 0.1050 0.0360
0.6210 0.1440 0.1140 0.0880 0.0340
0.0820 0.1080 0.4210 0.3540 0.0360
0.0820 0.1080 0.4210 0.3540 0.0360
0.0880 0.6210 0.1440 0.1140 0.0340
0.0820 0.1080 0.4210 0.3540 0.0360
0.1580 0.5960 0.1190 0.0920 0.0350
0.0690 0.1030 0.4310 0.3630 0.0350
0.1580 0.5960 0.1190 0.0920 0.0350
0.1050 0.5540 0.1700 0.1350 0.0360
0.0690 0.1030 0.4310 0.3630 0.0350
0.6210 0.0880 0.1440 0.1140 0.0340
0.5540 0.1700 0.1350 0.1050 0.0360
0.1050 0.5540 0.1700 0.1350 0.0360
0.5540 0.1700 0.1350 0.1050 0.0360
0.5960 0.1580 0.1190 0.0920 0.0350
0.2030 0.5850 0.1010 0.0770 0.0330
0.1080 0.0820 0.4210 0.3540 0.0360
0.6210 0.0880 0.1440 0.1140 0.0340
0.0880 0.0650 0.4410 0.3730 0.0330
0.0650 0.0880 0.4410 0.3730 0.0330
0.1580 0.5960 0.1190 0.0920 0.0350
0.5140 0.1960 0.1420 0.1110 0.0370
0.0880 0.6210 0.1440 0.1140 0.0340
0.1700 0.5540 0.1350 0.1050 0.0360
0.1440 0.6210 0.1140 0.0880 0.0340
0.0820 0.1080 0.4210 0.3540 0.0360
0.5960 0.1580 0.1190 0.0920 0.0350
0.0820 0.1080 0.4210 0.3540 0.0360
0.5540 0.1050 0.1700 0.1350 0.0360
0.0600 0.1180 0.4270 0.3610 0.0340
0.5740 0.0960 0.1640 0.1310 0.0350
0.0880 0.0650 0.4410 0.3730 0.0330
0.1580 0.5960 0.1190 0.0920 0.0350
0.1050 0.5540 0.1700 0.1350 0.0360
0.1030 0.0690 0.4310 0.3630 0.0350
0.1030 0.0690 0.4310 0.3630 0.0350
0.1030 0.0690 0.4310 0.3630 0.0350
0.0880 0.6210 0.1440 0.1140 0.0340
0.5960 0.1580 0.1190 0.0920 0.0350
0.5960 0.1580 0.1190 0.0920 0.0350
0.1440 0.6210 0.1140 0.0880 0.0340
