425 468 28 3 1
410 180 22 2 1
390 684 47 5 1
175 1494 38 4 2
410 396 12 1 1
110 594 95 9 3
180 666 108 11 3
95 1566 26 3 2
115 540 96 10 3
150 1602 17 2 2
80 576 95 9 3
165 1530 23 2 2
115 1476 40 4 2
95 684 106 11 3
420 216 20 2 1
425 594 31 3 1
135 1440 40 4 2
395 666 36 4 1
395 450 22 2 1
185 1422 18 2 2
180 612 96 10 3
415 342 26 3 1
110 216 98 10 3
55 252 96 10 3
185 1602 24 2 2
385 702 42 4 1
115 1584 30 3 2
185 1566 43 4 2
125 1602 19 2 2
120 648 95 9 3
395 576 23 2 1
155 612 97 10 3
435 540 47 5 1
55 666 100 10 3
410 306 30 3 1
130 450 107 11 3
195 1602 29 3 2
170 1530 42 4 2
195 450 106 11 3
130 306 95 9 3
130 306 101 10 3
50 1494 28 3 2
435 576 26 3 1
420 666 25 3 1
100 1602 18 2 2
