0.0880 0.1020 0.3930 0.3790 0.0360
0.6240 0.1270 0.1140 0.1010 0.0350
0.1020 0.0880 0.3930 0.3790 0.0360
0.5570 0.1210 0.1490 0.1350 0.0370
0.0750 0.0980 0.4030 0.3890 0.0350
0.6240 0.1010 0.1270 0.1140 0.0350
0.0980 0.0750 0.4030 0.3890 0.0350
0.0750 0.0980 0.4030 0.3890 0.0350
0.1200 0.0610 0.3990 0.3860 0.0340
0.5570 0.1490 0.1350 0.1210 0.0370
0.1140 0.6240 0.1270 0.1010 0.0350
0.0720 0.5680 0.1700 0.1570 0.0340
0.5680 0.0720 0.1700 0.1570 0.0340
0.1020 0.0880 0.3930 0.3790 0.0360
0.1010 0.6240 0.1270 0.1140 0.0350
0.5790 0.1100 0.1440 0.1300 0.0360
0.0830 0.0700 0.4120 0.4000 0.0340
0.1330 0.4850 0.1790 0.1640 0.0390
0.1100 0.5790 0.1440 0.1300 0.0360
0.1100 0.5790 0.1440 0.1300 0.0360
0.0830 0.0700 0.4120 0.4000 0.0340
0.0700 0.0830 0.4120 0.4000 0.0340
0.6240 0.1010 0.1270 0.1140 0.0350
0.5680 0.0720 0.1700 0.1570 0.0340
0.6240 0.1010 0.1270 0.1140 0.0350
0.1010 0.6240 0.1270 0.1140 0.0350
0.1020 0.0880 0.3930 0.3790 0.0360
0.1390 0.6010 0.1190 0.1050 0.0350
0.5570 0.1210 0.1490 0.1350 0.0370
0.0880 0.1020 0.3930 0.3790 0.0360
0.1270 0.6240 0.1140 0.1010 0.0350
0.5570 0.1210 0.1490 0.1350 0.0370
0.6240 0.1270 0.1140 0.1010 0.0350
0.6240 0.1270 0.1140 0.1010 0.0350
0.1270 0.6240 0.1140 0.1010 0.0350
0.5570 0.1490 0.1350 0.1210 0.0370
0.1490 0.5570 0.1350 0.1210 0.0370
0.0880 0.1020 0.3930 0.3790 0.0360
0.1100 0.5790 0.1440 0.1300 0.0360
0.1390 0.6010 0.1190 0.1050 0.0350
0.1490 0.5570 0.1350 0.1210 0.0370
0.0700 0.0830 0.4120 0.4000 0.0340
0.1270 0.6240 0.1140 0.1010 0.0350
0.0700 0.0830 0.4120 0.4000 0.0340
0.5790 0.1100 0.1440 0.1300 0.0360
